11100101101110010000000000000000100001111011011111010010000000000000000010101000000000001100000100000000000000000000000000000000 
10001000000000000000000000000000000000000000000000000000000000000000000000000000000000001101010111000110101001010000000000000000
11011001000000000000000000000000000000000000000000000000000000001011101010010111111110000000000000000000000000001101110000000000
10010010000000000000000000000000000000000000000000000000000000000000000000000000000000000000000011010001000000000000000000000000

10000000000000001110100110111110111100000000000000000000000000000000000000000000000000001100010000000000000000000000000000000000 
00000000100011100000000011000001000000000000000000000000000000000000000000000000000000000000000000000000100101110000000000000000 
00000000000000000000000000000000000000000000000000000000000000001101011111000111000000000000000010001111100011110000000000000000
00000000101000000000000011001111000000000000000010001001100111100000000010100110000000001001010000000000111111010000000000000000 

00000000000000000000000000000000000000000000000000000000000000000000000000000000000000000000000011000000000000000000000010001111 
10000011000000000000000010001000000000000000000000000000101100010000000000000000000000000000000000000000000000000000000000000000
00000000111010000000000011010001000000001100110100000000100011010000000010101000000000000000000010001010111001000000000000000000   
00000000000000000000000011011111000000000000000000000000000000000000000010111000101001100000000000000000000000000000000000000000
 
00000000000000000000000000000000000000000000000010000010000000001001101000000000100100100000000000000000000000000000000000000000
00000000111000101001001000000000000000000000000011000011000000001010010011110010000000000000000011111100000000001010100000000000
00000000110011011110110000000000000000001010011000000000000000001100111000000000000000000000000000000000101010100000000010111110
00000000000000000000000000000000000000000000000000000000000000000000000000000000111011011000111010011001000000000000000011011010

