000000000 11111111 00000000 000000000
000000000 00000000 00000000 000000000
000000000 11111111 00000000 000000000
000000000 11111111 00000000 000000000
000000000 00000000 00000000 000000000
000000000 00000000 00000000 000000000
000000000 11111111 00000000 000000000
000000000 11111111 00000000 000000000
000000000 11111111 00000000 000000000
 
000000000 11111111 11111111 11111111
000000000 00000000 00000000 00000000
000000000 11111111 11111111 11111111
000000000 11111111 11111111 11111111
000000000 00000000 00000000 00000000
000000000 00000000 00000000 00000000
000000000 11111111 11111111 11111111
000000000 11111111 11111111 11111111
 
000000000 11111111 11111111 000000000
000000000 00000000 00000000 000000000
000000000 11111111 11111111 000000000
000000000 11111111 11111111 000000000
000000000 00000000 00000000 000000000
000000000 00000000 00000000 000000000
000000000 11111111 11111111 000000000
000000000 11111111 11111111 000000000

111111111 11111111 11111111 111111111
000000000 00000000 00000000 000000000
111111111 11111111 11111111 111111111
111111111 11111111 11111111 111111111
000000000 00000000 00000000 000000000
000000000 00000000 00000000 000000000
111111111 11111111 11111111 111111111
111111111 11111111 11111111 111111111
111111111 11111111 11111111 111111111
