0000101001110011
0011100000000001
0100011100000001
0001000000000001

0000100000011101
0010000000001010
0011001100000000
0010101011001010

1001000000000000
0000000010001001
0011001010101010
0000011000001000

0000010101000000
0101001101000110
1010000100100110
1001110000000000




1100111001010000
1000000000011100
1000000011100010
0011100000010000

1011100000010000
0101000000000100
0000000011001100
0101001101010100

0000000000001001
1001000100000000
0101010101001100
0001000001100000

0000001010100000
0110001011001010
0110010010000101
0000000000111001

